  1
 222
33333
  3
  2
  1


        1
       222
      33333
     4444444
    555555555
   66666666666
  7777777777777
 888888888888888
99999999999999999
        9
        8
        7
        6
        5
        4
        3
        2
        1


  1
 222
33333
  3
  2
  1


  1
 222
33333
  3
  2
  1


        1
       222
      33333
     4444444
    555555555
   66666666666
  7777777777777
 888888888888888
99999999999999999
        9
        8
        7
        6
        5
        4
        3
        2
        1


